100
657.8907154298829 983.9922279211135
626.4670114161896 982.1713273927152
549.4197975968518 975.8218434447144
498.43906521994643 970.0919196882652
463.1875663653129 965.3442252180314
448.82553015110847 963.114702957081
428.0138462090687 958.9772496904959
382.3419342426314 947.2649356710695
354.0567110566391 939.275698180237
335.8693153468425 931.4389362667042
268.2397627957308 901.8976458238261
229.85932444098412 883.2396290413293
218.01206604782496 876.4890107056538
198.7595297591761 863.8543470158432
177.41661118346573 847.7428368226953
147.1708249802508 822.2059034879126
102.87932909956432 754.5506290276176
95.8130861450276 742.0019493728105
80.6701241652934 713.6325123723444
69.0145603566401 684.6876054948178
44.8626266882014 616.7085058893576
36.81623866455319 589.7724367723646
29.494795875196765 560.9686928411328
21.735836864508308 530.3641413075381
14.82941899958734 494.9464595760078
11.301478919355844 475.536272747401
5.527490686797698 433.40934011624745
3.785863705425885 413.7449893133932
3.5021958721059843 410.43867695200163
2.109720365588652 386.4779147022011
0.7909128276039068 362.8002610291422
1.0246317305460106 348.13961900784716
2.4738218164545023 322.96679352103155
3.540587441727694 312.4587338060254
4.069450252652151 308.91526841754103
5.509253438069184 300.0844445688703
9.713780491499403 277.78902719663677
14.328047282318623 253.6589208938913
20.61570717123551 222.7581123640202
30.337653305539057 188.13046750464125
34.04671995817088 180.12303812175813
47.37654382227707 154.3960678817593
59.16570469693405 135.39154062270964
71.37954518460054 122.90399296095855
89.68964805544655 104.64412183832961
115.28544490412406 80.28976939223853
124.90554187667013 72.99851976196025
127.11317056403082 71.62462628595456
177.59387818880845 44.15267938944889
203.58424459816393 32.42201354001928
215.74453359436075 27.35395681072572
254.9865934425951 13.465876814603096
261.1119193227496 11.497121295640621
302.26089528784337 2.1569654411249806
306.53792833152403 1.9527861625779908
347.0930184466388 2.1032551982300696
453.8312445179097 7.019484870449899
464.2747505216148 8.725359636396535
556.6910168654252 32.63530236082923
589.0525645583677 44.647056438138044
610.2753288014676 54.33780105236175
651.7478411366375 75.46858026461966
655.2975566852826 77.31510113042329
685.3387777468829 93.27898336968433
714.2972397180158 109.15537495662187
734.5845365051583 123.33808663405688
776.5215436063355 162.5578567524466
788.2147958266543 174.32264813291098
797.3246024433082 184.8507083622789
820.9791914474541 217.3322109434712
837.8341625612562 241.11751685047778
860.4421739025372 276.147283583112
871.8844988734132 295.36929395717004
928.9057897059814 391.444041362187
940.5794909919723 411.5140739027069
945.1583620251591 420.1071057156904
959.4533082428788 454.49810951065626
961.7214453162817 461.6656221275025
966.6426622850065 482.00246371891996
970.6889830805616 502.45652479917203
986.1349316022837 592.7002880839759
988.9092376117148 609.7992201353229
993.8421679559428 705.7020199503431
993.89349567664 719.364895868201
992.206776947501 748.929642259976
989.9230653176064 765.8450814502003
984.8172863073495 787.1921952590569
962.9105823889615 839.5741171389164
952.2311068999472 864.3762726367811
945.300775456001 872.9281494740394
939.9700953324405 879.0247037147644
911.7000334882154 910.8267989325391
898.4075351805011 923.683323100319
875.6104145902314 935.5355177990566
847.2629937668602 948.727940377111
835.3639540220408 952.3899877897552
790.4703712028418 964.8106392833984
772.133390203171 968.9948409830276
756.9676052786012 971.9915035816709
713.8184932677368 978.7523177781495
