10
88.796538051 67.601514564 181.516082823 27.446096637
88.226226587 74.756520694 97.826675487 68.882927818
17.894354902 6.083690087 -33.272209126 -10.182827534
39.609488736 74.158128695 82.518646162 56.801457992
43.175441768 71.714421694 35.199820963 74.016645269
29.130169409 89.750086907 -11.711017738 71.610628992
99.065048253 80.102109120 64.510841209 99.257067265
29.204656870 62.056538999 -4.077485735 48.147068310
53.435635013 52.207726269 -22.356841280 78.665235364
66.621954184 91.428357088 40.282236679 106.265951364
