100
407 307
438 288
479 229
450 256
479 200
455 139
473 139
457 65
447 71
499 1
391 1
327 20
366 100
377 96
419 71
380 112
416 87
394 164
394 168
438 190
404 227
324 227
315 225
288 187
303 176
305 131
176 120
194 101
204 60
143 75
239 26
196 18
155 24
154 36
155 48
25 13
118 37
0 4
35 55
157 132
189 169
271 225
287 239
310 284
55 106
219 232
127 177
117 192
293 295
190 287
150 267
36 288
117 255
148 241
65 261
44 168
15 294
37 321
50 369
223 327
302 309
131 353
260 325
223 337
121 373
1 428
76 417
154 379
249 335
147 394
211 388
258 368
347 383
113 417
71 427
93 426
335 418
279 426
261 444
184 463
223 459
76 480
234 471
119 491
209 488
406 424
440 416
276 474
228 492
419 469
348 465
454 431
368 450
492 417
389 353
451 327
458 297
439 327
405 340
354 326
