500
0.4493273691804799 0.9991024824767506
0.4440198475397661 0.9990843199827044
0.425134294103405 0.9989757469981284
0.41429015758394594 0.9988319782655615
0.41246956666651546 0.9987987946578619
0.4001761587155037 0.9985329308844477
0.398555395812192 0.9984922457833442
0.39258548004796023 0.9983260732610874
0.3901610301166998 0.9982192696562731
0.3822019175485406 0.997827610536127
0.36795107242836644 0.9970685270713893
0.3612603911192368 0.9966818388249328
0.3562134309164666 0.9963308196710606
0.3529697972594532 0.9961010936991251
0.34718594247986867 0.9956311831995142
0.3394520318573504 0.9948718385708184
0.33655823733381507 0.9945848187714069
0.32729507777662104 0.9936033480878407
0.3239500598602407 0.9931490708640128
0.3193973780391284 0.9925046332725936
0.30254435412548886 0.9900579605789865
0.2973848217101087 0.9892825768990401
0.2952019653615078 0.988905990856832
0.288643621428437 0.9877152431360335
0.28040185073361457 0.9861708299880169
0.2720453478678787 0.9845861424463214
0.26796624338468245 0.983797913133848
0.2539925653391849 0.9808720380166912
0.2516905708494165 0.9803762383601622
0.250425503509468 0.9800653046431083
0.24495729376509512 0.9786350722435361
0.2386806179885953 0.9768232812916329
0.23773868495102835 0.9765505205637092
0.23245437339764952 0.9746418953536067
0.22486665780650628 0.9716579458018332
0.2070094252739746 0.9643809747534654
0.20161250102304984 0.9621782232858944
0.19853974533774243 0.9608626084489885
0.1957560549008649 0.9595990819958466
0.193589055463953 0.9585958402127025
0.19235922536010275 0.9579960875743359
0.18456776953002874 0.9540242709452963
0.17578338630379264 0.9494498389307842
0.1753444446771768 0.9491960874109538
0.17020191453308386 0.9462202491101102
0.16825642497495774 0.945072563477359
0.1676983828873535 0.9447184656003003
0.16206152270983998 0.9409961256907386
0.1572640602550266 0.9377269368372674
0.14825728619960543 0.9315405394565895
0.1436860996166891 0.9283985733971295
0.14020992765775475 0.9256989462270746
0.13442909522839508 0.9211289720638292
0.1294393462589999 0.9171492354615015
0.12701787145261278 0.9151792416730434
0.12392357821082023 0.9126344327609802
0.11903614754970016 0.9085153603254897
0.11633239145109275 0.9062067108104238
0.11419730893647895 0.9043517653139291
0.11190396433822858 0.9022904602340777
0.10624209467734502 0.8971868456012763
0.09859071265980668 0.8901545625825429
0.09704882559836847 0.8887051404770301
0.09620071359581439 0.887879351643868
0.08694513004926407 0.8784614244573475
0.08615394988341019 0.8776515014983789
0.07822945122777514 0.8692418914030261
0.07660144516759815 0.8674703042275183
0.07383993960888535 0.8641489615516073
0.07265640392251937 0.862711782515307
0.06808886786991752 0.8566922380720199
0.06564462520485159 0.8534630604087199
0.0640670831107969 0.8512002695770396
0.06293775220805542 0.8495271608633537
0.06135848309542635 0.8471008664025061
0.05908480683539474 0.843574693936024
0.05450910470406867 0.8360977728173465
0.05258388698483063 0.8329335340912705
0.05236148372641469 0.8325509085925167
0.05122657857659374 0.8304962892845479
0.05102306218782682 0.8300596283357794
0.050069939428516896 0.8279999073176298
0.0469148217598685 0.8209912279152403
0.04454971512451267 0.8156657063381495
0.04208553775677504 0.8098282640536624
0.03983321235295989 0.8043110288428535
0.03876960264351248 0.8013898168499716
0.03628624622855248 0.7942226010000056
0.03463949658801857 0.7894325528233817
0.03389734612070283 0.7872446001033099
0.03286867982788 0.7841875084373463
0.031127269659498746 0.7787255231795802
0.02589478033341186 0.7613892582163038
0.025720888382328333 0.760775627935189
0.0245292851123603 0.7565471304762614
0.023844762747211368 0.7532792333312444
0.021605993839838522 0.7419649542652005
0.021103445728223758 0.7391443073562507
0.020674728426216427 0.7366819066952476
0.01963559871066789 0.7305260089268831
0.017894557197506544 0.7199149060540686
0.015783373404416046 0.7067330241589482
0.014567953007148637 0.6989097290981249
0.014300253111525829 0.6971709557537409
0.011819793279397084 0.680426112109211
0.011037068887761237 0.6734293351590155
0.010397468638087437 0.6675175720637532
0.009958491111018097 0.6633783524638781
0.008984892547498236 0.6538915707718869
0.00867944378704033 0.6508900323679695
0.007948229869834345 0.6436699041789387
0.007056985849528852 0.634690084900085
0.0064611591022405435 0.6281811482599348
0.006122467509944829 0.6240938794503418
0.004923189916024029 0.6093163754131253
0.004286228291119798 0.6007133534227905
0.004181932030510316 0.5991296639281745
0.004011641245080355 0.5963411703464294
0.0036885949882837776 0.5909273522111634
0.003082534097924139 0.5761269325418314
0.002957484770197194 0.5724985758618456
0.0017948703989119075 0.5365187891592395
0.0016004097495135872 0.5270205296455978
0.0015634466766851762 0.524114036381247
0.001566050540790398 0.5186345073006404
0.0016131247968894646 0.5121907977312797
0.0017902209781139877 0.49865138889751337
0.0018324734746766325 0.496300094260928
0.0020355113909525935 0.4892897607705966
0.002194574172848074 0.48462894269390566
0.0025328835404970773 0.47811198598512183
0.00287566896153435 0.471531616325219
0.0030081926470633125 0.46922808433340435
0.003119467575754209 0.4677029339456876
0.00337376398254019 0.4645853138661533
0.003928430195786148 0.4593757259768819
0.0055640709409244815 0.4450478932004326
0.006182316704362978 0.43966714318284805
0.007773389517811036 0.42639603391018044
0.008042580708086389 0.42415223025760707
0.009167346277842214 0.41619257668937504
0.011518032364245645 0.39980738357525636
0.012510191375391999 0.39341641816137096
0.01305174149188626 0.39025795725202506
0.015403401202352951 0.37733316474279355
0.01699002812732342 0.3692007429883598
0.018603707147156312 0.3609478813708977
0.01906769366415284 0.35857561733509014
0.02102680171797333 0.3488387737747737
0.022131036891832934 0.3440686338572113
0.024923202438596026 0.33232207291283233
0.02697963725684105 0.32372957481980813
0.028382354773563434 0.31801508570505244
0.02897525190685124 0.31560277042770746
0.029691930107501263 0.3127848604291382
0.03172320014267094 0.30526092765880564
0.032291731278045854 0.3032846137494335
0.03421102652346675 0.2967632757148474
0.038829922716671295 0.2812829917193225
0.041227047221535584 0.27431644796967447
0.04599249953607287 0.2605203714968458
0.04656669748885578 0.25886222386093793
0.049094942466976876 0.2519131608188677
0.05159243016613946 0.2456781985030052
0.05580460570483059 0.23518537828724984
0.06002686271532809 0.22506602212899463
0.06317997798020625 0.21826899220639218
0.06504867265750192 0.21437066600573984
0.06962458152057294 0.20519603809280884
0.08355704145189946 0.1778048098905699
0.08440073660140779 0.17645502011824687
0.08764432351901785 0.1713405918907729
0.08815795568960239 0.17054312057860632
0.09019702256768358 0.16742592738121342
0.09285921109280537 0.16340392401546633
0.100355981601156 0.1529874338994356
0.10197440840638661 0.15077004403927807
0.10414966546852433 0.14805670078437017
0.1152539700236751 0.13562627864469246
0.12074492454936558 0.12976959120599496
0.13053873648469838 0.1193921189674989
0.13508620789303483 0.114869508220791
0.1415751224936299 0.10855101234250719
0.14626567867297213 0.10416915813742056
0.1534628616040402 0.09753460531408786
0.1562400245696044 0.09509979229842902
0.16582974334292877 0.08796419446052084
0.16862800337672867 0.08595209777832613
0.17094970056086267 0.08429827036804083
0.172356372214711 0.08330447395234586
0.17824510985849995 0.07920517632999668
0.17929585474272047 0.07850963022358282
0.18630953964097186 0.07391198809319288
0.19601684446107748 0.06772653132079665
0.1997628045320251 0.06546689553583429
0.2006855229900465 0.06493237256801943
0.20253045000653325 0.06389198957836462
0.20749499726130793 0.06117683468024515
0.21682280604390558 0.05625527251281659
0.22271169274952762 0.05321506294835976
0.23158862532819524 0.04872587636585446
0.23473124183342786 0.047189563162083004
0.24113428757673971 0.04410098129918172
0.24475776480003475 0.042391112900660666
0.250179035868463 0.04007909377610419
0.25370437900195364 0.03862626624307852
0.2559623918745948 0.03773528915421531
0.2648131134390548 0.034882952739642925
0.27457704724968357 0.03182779180789119
0.2788935854101967 0.030514070985707575
0.28137212560113245 0.029761598900707065
0.284065958472993 0.028945623685482258
0.28538836502474585 0.028557203644557494
0.28784826492707205 0.027883469396298932
0.2929086757058954 0.02659373355938266
0.3038594938001371 0.023826156821115108
0.3088400066514745 0.022603146652314554
0.3198066342635344 0.0202484415659151
0.3226546166848916 0.01968107859946877
0.32563814546974945 0.019214346989682607
0.33511525148817245 0.01793225402091736
0.35746415224827366 0.015272624941307211
0.37168350645220516 0.01360092415805958
0.38404627793134694 0.012223841697148852
0.38583342831263046 0.012060574772501997
0.3897262650178387 0.011706454244876485
0.3991800985477506 0.011014796809624694
0.4096443320543607 0.010300621226100204
0.4261637069433122 0.009228864885236998
0.43034856702628266 0.008984139279533676
0.43765323643902154 0.008602938982761543
0.44605370034512204 0.008194062672751468
0.44832241085400915 0.008086674691132556
0.45944977494949724 0.00757598408143334
0.46022080267211096 0.007546123285580797
0.4630615114461163 0.007461999081462833
0.4711791911287061 0.007237995412351483
0.47671453412300524 0.007093606571769273
0.4830548068624805 0.007044098758605566
0.4923136256367575 0.007071332037852263
0.4952116197105002 0.0070840990755249855
0.5105601360963673 0.007381133104416127
0.5144777258387782 0.007473278727687882
0.5268220750984951 0.0077842938739491885
0.5402772884004646 0.00822154419441401
0.559637568057097 0.008880418788156375
0.5727252603688324 0.009359384744138777
0.5859291363824378 0.010121457215358842
0.5959572160159944 0.010753714916493351
0.5971912401956546 0.010847687125364769
0.6041381137674809 0.011397580079873904
0.6108938668632194 0.011955126349226686
0.619982668380107 0.012732288154378102
0.6264167035847689 0.01329403954253916
0.6323310523454632 0.013905068117743835
0.6392487235122785 0.014620639413094327
0.6474840582304021 0.01556790527111196
0.6582569825171845 0.01683616530419063
0.6631789508911227 0.0174309085780322
0.6822629779221391 0.01985140841914601
0.6894368107770392 0.020950655117743744
0.6942058050203719 0.021684162056199607
0.7009212797629119 0.02274313242572068
0.7053248353452306 0.02346330086525772
0.718247352826842 0.025719722398002798
0.7260305774126208 0.027153913135313124
0.7331709487792105 0.028599358386213525
0.7347396743661498 0.028940886343137184
0.7408093435487036 0.030282416112327515
0.7421348950842067 0.030628902532889746
0.7523434602636186 0.03335117553471745
0.7551821493527461 0.034113826668585645
0.768347480510048 0.03768281491725567
0.7706176286407331 0.03838733183704601
0.7846799904158949 0.04288128298935934
0.7879703286053154 0.043967275808806994
0.797614902267029 0.04754982814281428
0.7997278508994573 0.04848431154212174
0.8004907153774116 0.04882461879736111
0.8071824136254291 0.05186664636070959
0.8145349968353637 0.055302437307756414
0.8216317104790873 0.05897665069811986
0.8225355606432752 0.059449936962155614
0.8284452173165545 0.06257490012462374
0.8386708084079817 0.06801284027201793
0.8400376980552273 0.06878475289879171
0.8400818033026396 0.06881044869824637
0.8452886827465359 0.07209341952596804
0.8490849842729068 0.07465045009874405
0.8501923683971784 0.07540460630823553
0.854270781204175 0.07822616817560457
0.8553527248463357 0.0789804050820676
0.8602754558669021 0.0830107272342765
0.8610146176895945 0.08367243800811064
0.8632065401211398 0.08565672460095752
0.8695014004447665 0.09170445042290754
0.8719987126661668 0.09427350665146494
0.8799555837744859 0.1025214001992324
0.8805477359915201 0.10313593937073928
0.8812436907705523 0.10386094773936216
0.8822137227048514 0.10490272890897379
0.8842775541486524 0.10713078782699537
0.8868508263537924 0.11026748010257226
0.8883996919320261 0.11225212946846419
0.8949180866053897 0.12090093231324728
0.9011849657444626 0.12962619907271367
0.9046383776241839 0.13447511152244673
0.9131456767971287 0.1464831758757288
0.9197949442735388 0.156308354598368
0.9235583680535644 0.16214461068337016
0.9249577714719147 0.16438723850031023
0.9292432269338916 0.17141215588417535
0.9314410268555965 0.17508801104813754
0.9334274964532178 0.17841084445659738
0.9365484516230147 0.18387391161112288
0.9393405044396415 0.1889103764503477
0.9397922980647594 0.189743814831548
0.9417619544176113 0.19377259640979494
0.944371496559223 0.19920859864109486
0.945910423155306 0.20249437939846993
0.9501489207102117 0.21158948120206678
0.9530170119597897 0.21778816638928578
0.95336078786096 0.21856187423179407
0.9565074227054454 0.22583805633842968
0.9581659532764811 0.230034449650099
0.9621898244233452 0.24022105902885482
0.9631524296765134 0.2427735867303764
0.9643073841126254 0.24586600576359663
0.9652078158254467 0.2484342277881646
0.9683105089845722 0.2573348579214121
0.9692055513677812 0.25999969826957803
0.9702087184054903 0.263092492029372
0.9716164168254315 0.2679626033919136
0.9755043609846186 0.28142637811025695
0.9759436094705572 0.28297408792458445
0.9765265907501226 0.28516873761962414
0.976729803604651 0.28606043935097203
0.9774459080781743 0.28923615012735937
0.9778011787996977 0.29083426389946065
0.9791623409547758 0.2969995596230913
0.9815107246519353 0.30885285600772494
0.9829135398932642 0.31596199889386867
0.9831410872098817 0.3171172145491903
0.9836969085645929 0.32022229264372537
0.9845928934738529 0.32572960524624606
0.9850981273677001 0.3288563963866036
0.9871018154689419 0.34140756780664383
0.9874857221635853 0.34396162794360174
0.9882861251729524 0.3497655132908124
0.9905452962934079 0.36854631965445983
0.9914172968496295 0.37678248164503003
0.9917104650475143 0.379572876521554
0.9920099027377847 0.38243966028636855
0.9927714163860336 0.3901497233311447
0.9933640252683632 0.3964810560592117
0.9938376627928653 0.40156432367898154
0.9950064502822233 0.41431666922081756
0.9953537070909239 0.4185476260825425
0.9954529137641 0.4197883750516882
0.9958594552214814 0.4252686358825817
0.9966086944449525 0.4354946707079286
0.9968689438067918 0.43905795157274097
0.9973493534340687 0.4456387070546629
0.9977080072386859 0.4514951889465679
0.9982208492707676 0.46032894453462114
0.998408851961896 0.4643657193468177
0.9988937798717733 0.47935460515565764
0.9989899630381419 0.48339755057619493
0.9991493183257903 0.49422169768740476
0.999230601484409 0.5164636578353035
0.9992026391560744 0.5240884117674551
0.9989087461988766 0.5369073981046878
0.9987350715004937 0.5416961970631569
0.9986718088879191 0.543025120264769
0.9982801043758742 0.5494698645965366
0.9980894413393897 0.5523039256455085
0.9976502654516525 0.5580552075236953
0.9974373126618845 0.5604772363793148
0.996516118895503 0.5700444513029047
0.9958651938825168 0.5762214964373987
0.9952683678146679 0.5815673210565819
0.9945067799642648 0.5881648195696639
0.9936028104687894 0.5952180464692214
0.9933825680740367 0.5967194831792878
0.9927557269083731 0.6009522902137919
0.9915737626981811 0.6087275583326719
0.9899882676783538 0.618854941124082
0.9896962499015448 0.620547943956052
0.9890440187647205 0.6240842977073439
0.9886768957707451 0.626062938164726
0.9876925272424399 0.6309614810043036
0.9851538795918687 0.6435432845392338
0.9848799056324286 0.6448452912271883
0.9824029808322567 0.6556984613171342
0.9804409837083043 0.6641712165853799
0.9784021492755359 0.6728668117766099
0.9767247094404704 0.6791173246685883
0.9751703061703181 0.6847277898481782
0.9725334662421157 0.6937754730711327
0.9697961394847768 0.7029913321250544
0.9693693428255449 0.7043838295027154
0.969037454746277 0.7053980024052867
0.9669776116478954 0.7116639299460717
0.9662694201250124 0.7136643121045904
0.964468711262943 0.7187411692344596
0.9620944984475949 0.7253396059829348
0.9605489474267359 0.7296091318150996
0.9584962961925528 0.7351250554989526
0.955725029100259 0.7418334214283695
0.95475917006277 0.7441651643067397
0.9540994972594811 0.745718335834209
0.9531974553377789 0.7478097335379175
0.9486690907698999 0.7571395693301537
0.9440641413249805 0.7660093568436567
0.9409011527851922 0.7720781578195748
0.9377961180347426 0.7780093823734388
0.9361221350709303 0.7810722561400324
0.9337928714087322 0.7853090897398861
0.9327137887387917 0.7872246165552922
0.9324220976344262 0.7877404637132202
0.9322549139565399 0.7880269002827841
0.9316264945591051 0.7890701518838859
0.9295181148344769 0.7925501162508887
0.9273368332575722 0.7958184044826361
0.9214382108636879 0.8042327926850557
0.9186961094512363 0.8080415228008921
0.9139537521903366 0.8142017575208595
0.9133489478034923 0.8149670645532697
0.9084000783207142 0.8210898254185709
0.9068310861916139 0.8229740878990931
0.9007303038003593 0.8301299828425579
0.8962085364411158 0.8353661777146567
0.8957363043629482 0.8359114507048085
0.8943513076552121 0.8375087104577171
0.8905032202120097 0.8418363880322439
0.8841730501799155 0.8486399851847746
0.8717135074950397 0.8615407053473187
0.8691739535353138 0.8641014493641038
0.8676348946070632 0.8655935495137432
0.8661268589497603 0.867018817605292
0.8637317506838259 0.8692755680675224
0.860551423945949 0.87226136776616
0.857814196900255 0.8747930244777861
0.8557510631569359 0.8765892071113168
0.8485988320178691 0.8825610501862964
0.8439459582060067 0.886334119471123
0.8407749283584134 0.8888550897644161
0.8398258310365216 0.889583966600546
0.8366105626519345 0.8920400302204899
0.8316307439225179 0.8957799558912155
0.8288576869667359 0.8977704858506215
0.8244914206025253 0.9008578935389222
0.8214602385961125 0.9028594912096259
0.8185954902298603 0.9046912308327428
0.812885097284808 0.9082927071003505
0.8062826657149262 0.9123694990816872
0.7990985656144887 0.9167564003239191
0.791066527097819 0.9215322890251176
0.7882487275732993 0.9231435581359108
0.7715974683373412 0.9326195377320375
0.7629394962501984 0.9373646041672324
0.748059101519745 0.9449847981994889
0.7445092891182289 0.9467781093215033
0.7398838002490012 0.9490409031582439
0.7353038585393263 0.951235652542667
0.7314642131886577 0.9530596724532021
0.724038593308865 0.9562858650371746
0.7225348128709581 0.9569063145674342
0.7179718551844089 0.9587545550392865
0.7016784172714828 0.9651388319344713
0.6970205604563139 0.9669087158788006
0.6937550960216616 0.9681151619130229
0.6880603796298579 0.9699484918346906
0.6850813140989133 0.9709001094920817
0.6758786362909603 0.9737547756326569
0.6734825835330689 0.974495015689472
0.6716814958080255 0.9750047489821452
0.664256144511396 0.9770987312362399
0.653663307625038 0.9795438065247457
0.6442843474563316 0.9815055327817273
0.639223350934513 0.9825119331729185
0.6314968159251357 0.9840009632160694
0.6232168834784261 0.9853499291905621
0.6104997215604462 0.9873413480258155
0.5973809845866203 0.9892836372418435
0.5906760132221491 0.9902355328169994
0.5885258634972595 0.9905377067854972
0.5738096639558669 0.9925149883069435
0.5717068795643423 0.992790494622423
0.5559218176598705 0.994466697267755
0.5516250352476435 0.994913939815627
0.5406826896076771 0.9960362174124391
0.5265007424948409 0.9970416228545391
0.5171855950561008 0.9976604173848149
0.5122526642915097 0.9979386192601709
0.5038310770184671 0.9983282929654137
0.4985281157099154 0.9985580322953355
0.49448219456872144 0.9986897237788568
0.4823936664891706 0.9988978750992968
0.4726049888398376 0.9989896800865029
