500
127 446 0
66 420 0
485 154 0
37 340 0
215 363 1
156 171 0
224 470 1
290 323 1
125 353 0
2 341 0
484 11 1
392 494 0
428 404 1
220 378 1
479 100 0
492 170 0
137 147 0
490 149 0
476 97 0
155 58 1
449 494 0
50 19 1
298 362 1
130 174 0
369 338 1
426 452 0
34 272 1
211 107 0
481 67 0
52 313 1
348 33 1
386 491 0
295 355 1
329 370 1
48 97 0
72 438 0
225 56 0
287 449 1
221 319 1
497 51 0
322 7 0
459 214 1
310 217 0
35 104 0
442 413 1
299 230 1
378 184 0
7 443 0
37 397 0
111 211 0
97 168 0
211 271 0
32 225 1
496 253 0
70 475 0
134 338 1
441 115 1
24 145 0
414 313 0
409 286 1
292 343 1
483 438 0
257 365 1
53 43 1
247 427 0
196 474 0
383 214 0
491 179 0
272 26 0
92 456 0
265 206 1
385 358 1
349 223 0
147 197 1
87 32 1
316 211 0
394 435 1
214 321 1
102 439 0
382 74 1
313 386 0
224 120 0
35 177 0
226 172 1
150 87 1
416 284 1
345 140 0
475 82 0
441 401 1
484 456 0
449 355 0
222 392 0
366 311 1
253 245 1
92 319 1
190 77 1
6 201 0
323 146 0
44 255 1
360 32 1
17 59 0
327 293 1
203 180 0
363 244 1
4 271 0
422 349 0
309 45 0
311 445 1
8 299 0
310 436 1
422 360 0
479 45 0
64 385 0
429 170 1
471 180 1
203 125 1
76 159 0
298 25 0
184 26 1
482 6 1
435 457 0
409 180 0
405 204 0
158 147 0
238 161 1
239 109 0
264 308 1
175 447 0
63 317 1
41 219 1
252 281 0
363 274 1
129 45 1
197 54 0
331 62 0
19 268 0
210 23 1
432 276 1
133 33 0
130 319 1
481 208 0
12 189 0
307 126 0
230 266 0
177 340 0
436 444 0
397 197 0
190 160 1
408 23 1
150 445 0
419 94 1
381 134 0
220 182 1
133 106 1
428 410 1
259 143 1
147 362 0
443 11 1
324 374 1
348 212 0
277 392 0
36 27 1
178 270 0
300 450 1
480 400 0
177 63 0
144 145 0
448 288 0
121 258 0
48 442 0
455 292 0
175 129 1
484 225 0
370 209 0
277 91 0
251 17 0
353 349 1
255 485 1
180 352 0
362 104 0
327 313 1
383 282 1
125 173 0
144 124 0
215 318 1
60 481 0
490 228 0
271 84 0
480 26 1
85 191 0
392 89 0
369 13 1
398 408 1
240 134 1
394 387 1
9 175 0
200 247 0
27 491 0
154 172 0
403 243 1
387 422 1
447 277 0
48 348 1
281 490 0
322 172 0
204 276 0
305 419 0
150 311 1
292 277 1
256 416 1
38 465 0
489 72 0
201 142 1
429 240 1
347 358 1
74 133 0
224 243 1
397 158 1
410 193 0
291 23 0
339 179 0
249 117 0
147 1 0
55 102 0
423 164 1
78 26 1
327 371 1
136 389 0
462 498 0
74 193 0
129 484 0
280 484 1
259 138 1
425 107 1
485 234 0
368 31 1
23 282 1
164 51 1
332 215 0
231 225 0
229 411 1
352 178 0
86 234 0
261 76 0
476 172 0
381 163 0
161 248 0
126 224 0
436 411 1
139 82 1
448 308 0
249 39 0
479 341 0
103 254 1
21 448 0
259 324 1
413 364 0
435 435 0
213 296 1
338 279 1
60 49 1
41 262 1
392 198 0
92 30 1
153 388 0
279 316 1
380 315 1
445 350 0
120 195 0
446 405 1
81 329 1
198 183 0
374 116 0
439 344 0
306 496 0
379 81 1
329 402 1
264 455 1
129 156 0
460 4 1
158 336 1
157 51 1
110 430 0
403 336 0
392 341 1
470 334 0
301 31 0
83 287 1
314 82 0
84 2 0
359 294 1
22 388 0
364 189 0
377 144 0
462 407 1
433 105 1
469 497 0
100 448 0
390 293 1
247 325 1
261 284 0
10 287 0
380 77 1
163 454 0
26 231 0
496 255 0
146 298 1
236 27 1
100 315 1
42 111 0
264 160 1
173 431 0
133 382 1
358 98 0
173 30 1
104 160 0
415 365 0
392 53 1
87 476 0
11 330 0
500 278 0
251 227 0
134 42 0
315 426 1
357 72 1
39 13 0
87 207 0
121 191 1
220 292 1
371 14 1
235 381 0
183 168 0
249 322 0
424 233 1
244 397 0
460 235 1
174 153 0
77 193 0
57 462 0
329 235 1
126 269 0
238 156 1
216 444 0
81 170 0
153 348 1
212 416 1
251 392 0
160 386 0
333 354 1
119 158 0
396 461 0
451 78 1
488 230 0
221 89 0
481 446 0
305 248 1
180 455 0
135 293 1
81 314 1
392 88 0
230 281 0
144 408 0
117 478 0
442 346 0
366 428 1
419 197 0
175 192 1
460 164 1
499 140 0
314 285 1
51 354 1
278 378 0
231 143 1
184 282 0
117 25 0
270 464 1
269 414 1
38 102 0
233 14 0
484 452 0
13 147 0
229 229 1
312 278 1
403 462 0
22 395 0
19 45 0
284 307 1
354 403 1
116 388 1
46 369 0
416 412 1
272 222 1
82 377 0
355 427 1
131 422 1
20 477 0
294 299 1
442 168 1
282 140 1
177 468 1
499 37 0
331 337 1
482 130 0
482 416 1
381 183 0
190 305 1
131 148 0
1 468 0
138 438 0
133 148 0
54 251 1
352 348 1
113 104 1
331 208 0
48 229 1
357 244 1
132 383 1
138 457 0
9 262 0
22 107 0
479 238 0
303 156 1
347 351 1
306 206 0
288 474 1
452 87 1
308 55 0
356 160 0
454 177 1
8 245 0
467 386 0
300 162 1
171 498 0
355 87 0
365 290 1
59 462 0
240 442 0
218 12 0
395 28 1
3 89 0
368 462 0
372 254 1
50 203 1
283 255 0
1 217 0
112 338 1
147 487 1
50 15 0
386 391 1
68 494 0
114 465 0
302 396 1
483 226 0
383 18 1
23 198 0
25 478 0
364 451 1
318 483 0
438 40 1
142 327 1
29 291 1
490 70 0
437 454 0
289 205 1
468 52 0
96 289 1
425 250 1
134 367 0
358 370 1
215 424 0
114 298 1
420 276 1
27 211 0
499 182 0
356 117 0
212 301 1
124 340 1
467 462 0
262 163 1
223 194 0
277 306 1
218 253 0
70 102 0
360 420 1
218 275 0
316 301 1
468 495 0
30 153 0
116 15 0
220 215 0
280 362 1
235 437 0
376 90 1
419 68 1
41 339 0
414 288 1
323 402 1
215 32 1
209 479 1
110 124 0
